1.248882221556867478e+01
2.900654348831863416e+01
2.237014896026524724e+01
2.444218169670635277e+01
2.059859313941646519e+01
2.762465728012291066e+00
3.037506709334476795e+01
2.484424537772859409e+01
1.865310476479889701e+01
2.352371433464385575e+01
2.409145208637084323e+01
1.771030277967391342e+01
1.741448810862916474e+01
2.164284603184584910e+01
4.230745815537571275e+01
2.381390414580893733e+01
2.445055690402097426e+01
2.752055123443198781e+01
2.020370977651775846e+01
3.113157125663881075e+01
2.378154045053901910e+01
2.502005061912547745e+01
3.396031018386788247e+01
3.640157347552598566e+01
3.198710546832019830e+01
1.675148083310645220e+01
2.346582140233530822e+01
3.290249155396745806e+01
2.518358042658835672e+01
3.370114889307683370e+01
1.688363170658895029e+01
2.600812414920973126e+01
2.326632256075520289e+01
2.545833678893328766e+01
1.505808735669641862e+01
2.957304374409784842e+01
2.621716898025437459e+01
2.037466820289376557e+01
2.440739576231294095e+01
9.507418036117794458e+00
8.437105767547606661e+00
2.898062002262749104e+01
2.954099732678252366e+01
1.977546141113692357e+01
2.040074087509718836e+01
3.206012547456989381e+00
3.950505831935838330e+01
2.571011699690885877e+01
3.031864277271802877e+01
1.683695369136685827e+01
1.793277204151917914e+01
4.096989874009488375e+01
1.761481188611903548e+01
2.089718731906494398e+01
1.559858773785972730e+01
2.139646050256191856e+01
1.845030546567251406e+01
2.313871166622552877e+01
1.367533957039216830e+01
1.727639713420449041e+01
1.508485701198881301e+01
2.914101311237426728e+01
2.515384431662036491e+01
2.547765446458099348e+01
1.725262629798263703e+01
1.747218088660741131e+01
3.468679426224719009e+01
1.705613585042959812e+01
2.710208481653525681e+01
2.256567042890345931e+01
2.923066981919970075e+01
2.712038442813306460e+01
1.776154198691633113e+01
5.805890596745090448e+00
3.682157644245950223e+01
2.506801908898061626e+01
3.011899880121092110e+01
2.721074685059695852e+01
1.629861043635657580e+01
3.258219419484754553e+01
1.930872130017595367e+01
2.265648481672450743e+01
2.220685659842394344e+01
8.547352945198852581e+00
1.736965471945068629e+01
2.914160862293995891e+01
2.717733511905832700e+01
5.941680349899336022e+00
2.192375140806561262e+01
2.015350733943504835e+01
2.215545294750584304e+01
2.053124611615930917e+01
2.085768891238184608e+01
1.323267337730369064e+01
1.968447019933886821e+01
2.600326945175490323e+01
4.021433820313637852e+01
1.978985961691152440e+01
3.365353189267724332e+01
2.718006321732705288e+01
2.873191868709882613e+01
2.209894108361625698e+01
2.589690644303455613e+01
3.128339340844184235e+01
1.720125667307308959e+01
2.635113265782769076e+01
2.141958256403687244e+01
3.668260186479778184e+01
2.205122096404391385e+01
1.675824346162965384e+01
2.754699675563030681e+01
3.453034971261814690e-03
1.387057403210715734e+01
1.633057632135095361e+01
3.574162290543974052e+01
2.086132610942049581e+01
2.076798298468099091e+01
2.533428568062685216e+01
2.175880632267836390e+01
1.887194990265035699e+01
1.351906346753967370e+01
3.558255905034143041e+01
2.307838455576101921e+01
2.499812020639128107e+01
1.741807074403302380e+01
2.074079223233065505e+01
1.476359224533794468e+01
